7330
4184
8291
9090
9980
42610
53554
15948
11523
28857
63418
11736
41513
461
33688
37736
18546
54997
12377
3649
43669
50416
20247
39439
37742
54263
40774
23620
59761
19133
8346
19542
51535
20716
11426
7530
8390
65363
39639
13371
55752
35509
988
6512
16963
42953
25845
35480
23886
437
474
37717
13829
65064
35171
37999
59981
5436
5783
56918
62751
40362
61506
52886
30268
45745
52938
37767
52112
10413
55647
24147
56480
61527
47256
20416
27239
12697
25085
14147
49382
17536
24435
11552
53064
21873
42382
20870
56540
49279
28185
39528
12741
220
14830
28182
7152
50610
43169
42659
48958
36329
10680
14633
10695
45844
5083
9331
61282
18775
28516
62285
4988
32212
39616
16268
45819
97
17191
15080
2902
56526
29686
14055
55005
25220
6115
37997
40803
14850
59119
51591
33220
56595
33223
48604
32018
54068
46
59695
3694
55921
6594
7064
37412
16724
52927
49889
35632
18824
